{
 "cells": [
  {
   "cell_type": "code",
   "execution_count": 76,
   "metadata": {},
   "outputs": [],
   "source": [
    "import numpy as np\n",
    "import sys\n",
    "\n",
    "class postprocess:\n",
    "    def __init__ (self, filename):\n",
    "        self.filename = filename\n",
    "        \n",
    "    def covarianceDiag(self):\n",
    "        errors = np.loadtxt(self.filename)\n",
    "        l = len(errors)\n",
    "        if np.shape(errors) == (l,):\n",
    "            return np.diag(errors**2)\n",
    "        else:\n",
    "            print(\"You need a single column file with the errors!\")\n",
    "            sys.exit(1)\n",
    "    \n",
    "    \n",
    "        "
   ]
  },
  {
   "cell_type": "code",
   "execution_count": 72,
   "metadata": {},
   "outputs": [],
   "source": [
    "file = '/home/isidro/SuperMC/data/prueba.dat'"
   ]
  },
  {
   "cell_type": "code",
   "execution_count": 75,
   "metadata": {},
   "outputs": [
    {
     "data": {
      "text/plain": [
       "((30,), 30)"
      ]
     },
     "execution_count": 75,
     "metadata": {},
     "output_type": "execute_result"
    }
   ],
   "source": [
    "a = np.loadtxt(file)\n",
    "np.shape(a), len(a)"
   ]
  },
  {
   "cell_type": "code",
   "execution_count": 67,
   "metadata": {},
   "outputs": [
    {
     "data": {
      "text/plain": [
       "True"
      ]
     },
     "execution_count": 67,
     "metadata": {},
     "output_type": "execute_result"
    }
   ],
   "source": [
    "b = a[:,2]\n",
    "f = np.shape(b)\n",
    "x = len(b)\n",
    "f == (x,)\n"
   ]
  },
  {
   "cell_type": "code",
   "execution_count": 51,
   "metadata": {},
   "outputs": [
    {
     "data": {
      "text/plain": [
       "array([[ 384.16,    0.  ,    0.  ,    0.  ,    0.  ,    0.  ,    0.  ,\n",
       "           0.  ,    0.  ,    0.  ,    0.  ,    0.  ,    0.  ,    0.  ,\n",
       "           0.  ,    0.  ,    0.  ,    0.  ,    0.  ,    0.  ,    0.  ,\n",
       "           0.  ,    0.  ,    0.  ,    0.  ,    0.  ,    0.  ,    0.  ,\n",
       "           0.  ,    0.  ],\n",
       "       [   0.  ,  144.  ,    0.  ,    0.  ,    0.  ,    0.  ,    0.  ,\n",
       "           0.  ,    0.  ,    0.  ,    0.  ,    0.  ,    0.  ,    0.  ,\n",
       "           0.  ,    0.  ,    0.  ,    0.  ,    0.  ,    0.  ,    0.  ,\n",
       "           0.  ,    0.  ,    0.  ,    0.  ,    0.  ,    0.  ,    0.  ,\n",
       "           0.  ,    0.  ],\n",
       "       [   0.  ,    0.  ,  686.44,    0.  ,    0.  ,    0.  ,    0.  ,\n",
       "           0.  ,    0.  ,    0.  ,    0.  ,    0.  ,    0.  ,    0.  ,\n",
       "           0.  ,    0.  ,    0.  ,    0.  ,    0.  ,    0.  ,    0.  ,\n",
       "           0.  ,    0.  ,    0.  ,    0.  ,    0.  ,    0.  ,    0.  ,\n",
       "           0.  ,    0.  ],\n",
       "       [   0.  ,    0.  ,    0.  ,   64.  ,    0.  ,    0.  ,    0.  ,\n",
       "           0.  ,    0.  ,    0.  ,    0.  ,    0.  ,    0.  ,    0.  ,\n",
       "           0.  ,    0.  ,    0.  ,    0.  ,    0.  ,    0.  ,    0.  ,\n",
       "           0.  ,    0.  ,    0.  ,    0.  ,    0.  ,    0.  ,    0.  ,\n",
       "           0.  ,    0.  ],\n",
       "       [   0.  ,    0.  ,    0.  ,    0.  ,   16.  ,    0.  ,    0.  ,\n",
       "           0.  ,    0.  ,    0.  ,    0.  ,    0.  ,    0.  ,    0.  ,\n",
       "           0.  ,    0.  ,    0.  ,    0.  ,    0.  ,    0.  ,    0.  ,\n",
       "           0.  ,    0.  ,    0.  ,    0.  ,    0.  ,    0.  ,    0.  ,\n",
       "           0.  ,    0.  ],\n",
       "       [   0.  ,    0.  ,    0.  ,    0.  ,    0.  ,   25.  ,    0.  ,\n",
       "           0.  ,    0.  ,    0.  ,    0.  ,    0.  ,    0.  ,    0.  ,\n",
       "           0.  ,    0.  ,    0.  ,    0.  ,    0.  ,    0.  ,    0.  ,\n",
       "           0.  ,    0.  ,    0.  ,    0.  ,    0.  ,    0.  ,    0.  ,\n",
       "           0.  ,    0.  ],\n",
       "       [   0.  ,    0.  ,    0.  ,    0.  ,    0.  ,    0.  ,  876.16,\n",
       "           0.  ,    0.  ,    0.  ,    0.  ,    0.  ,    0.  ,    0.  ,\n",
       "           0.  ,    0.  ,    0.  ,    0.  ,    0.  ,    0.  ,    0.  ,\n",
       "           0.  ,    0.  ,    0.  ,    0.  ,    0.  ,    0.  ,    0.  ,\n",
       "           0.  ,    0.  ],\n",
       "       [   0.  ,    0.  ,    0.  ,    0.  ,    0.  ,    0.  ,    0.  ,\n",
       "         196.  ,    0.  ,    0.  ,    0.  ,    0.  ,    0.  ,    0.  ,\n",
       "           0.  ,    0.  ,    0.  ,    0.  ,    0.  ,    0.  ,    0.  ,\n",
       "           0.  ,    0.  ,    0.  ,    0.  ,    0.  ,    0.  ,    0.  ,\n",
       "           0.  ,    0.  ],\n",
       "       [   0.  ,    0.  ,    0.  ,    0.  ,    0.  ,    0.  ,    0.  ,\n",
       "           0.  , 1339.56,    0.  ,    0.  ,    0.  ,    0.  ,    0.  ,\n",
       "           0.  ,    0.  ,    0.  ,    0.  ,    0.  ,    0.  ,    0.  ,\n",
       "           0.  ,    0.  ,    0.  ,    0.  ,    0.  ,    0.  ,    0.  ,\n",
       "           0.  ,    0.  ],\n",
       "       [   0.  ,    0.  ,    0.  ,    0.  ,    0.  ,    0.  ,    0.  ,\n",
       "           0.  ,    0.  ,  196.  ,    0.  ,    0.  ,    0.  ,    0.  ,\n",
       "           0.  ,    0.  ,    0.  ,    0.  ,    0.  ,    0.  ,    0.  ,\n",
       "           0.  ,    0.  ,    0.  ,    0.  ,    0.  ,    0.  ,    0.  ,\n",
       "           0.  ,    0.  ],\n",
       "       [   0.  ,    0.  ,    0.  ,    0.  ,    0.  ,    0.  ,    0.  ,\n",
       "           0.  ,    0.  ,    0.  ,  182.25,    0.  ,    0.  ,    0.  ,\n",
       "           0.  ,    0.  ,    0.  ,    0.  ,    0.  ,    0.  ,    0.  ,\n",
       "           0.  ,    0.  ,    0.  ,    0.  ,    0.  ,    0.  ,    0.  ,\n",
       "           0.  ,    0.  ],\n",
       "       [   0.  ,    0.  ,    0.  ,    0.  ,    0.  ,    0.  ,    0.  ,\n",
       "           0.  ,    0.  ,    0.  ,    0.  ,  289.  ,    0.  ,    0.  ,\n",
       "           0.  ,    0.  ,    0.  ,    0.  ,    0.  ,    0.  ,    0.  ,\n",
       "           0.  ,    0.  ,    0.  ,    0.  ,    0.  ,    0.  ,    0.  ,\n",
       "           0.  ,    0.  ],\n",
       "       [   0.  ,    0.  ,    0.  ,    0.  ,    0.  ,    0.  ,    0.  ,\n",
       "           0.  ,    0.  ,    0.  ,    0.  ,    0.  ,  104.04,    0.  ,\n",
       "           0.  ,    0.  ,    0.  ,    0.  ,    0.  ,    0.  ,    0.  ,\n",
       "           0.  ,    0.  ,    0.  ,    0.  ,    0.  ,    0.  ,    0.  ,\n",
       "           0.  ,    0.  ],\n",
       "       [   0.  ,    0.  ,    0.  ,    0.  ,    0.  ,    0.  ,    0.  ,\n",
       "           0.  ,    0.  ,    0.  ,    0.  ,    0.  ,    0.  ,  125.44,\n",
       "           0.  ,    0.  ,    0.  ,    0.  ,    0.  ,    0.  ,    0.  ,\n",
       "           0.  ,    0.  ,    0.  ,    0.  ,    0.  ,    0.  ,    0.  ,\n",
       "           0.  ,    0.  ],\n",
       "       [   0.  ,    0.  ,    0.  ,    0.  ,    0.  ,    0.  ,    0.  ,\n",
       "           0.  ,    0.  ,    0.  ,    0.  ,    0.  ,    0.  ,    0.  ,\n",
       "         166.41,    0.  ,    0.  ,    0.  ,    0.  ,    0.  ,    0.  ,\n",
       "           0.  ,    0.  ,    0.  ,    0.  ,    0.  ,    0.  ,    0.  ,\n",
       "           0.  ,    0.  ],\n",
       "       [   0.  ,    0.  ,    0.  ,    0.  ,    0.  ,    0.  ,    0.  ,\n",
       "           0.  ,    0.  ,    0.  ,    0.  ,    0.  ,    0.  ,    0.  ,\n",
       "           0.  ,   81.  ,    0.  ,    0.  ,    0.  ,    0.  ,    0.  ,\n",
       "           0.  ,    0.  ,    0.  ,    0.  ,    0.  ,    0.  ,    0.  ,\n",
       "           0.  ,    0.  ],\n",
       "       [   0.  ,    0.  ,    0.  ,    0.  ,    0.  ,    0.  ,    0.  ,\n",
       "           0.  ,    0.  ,    0.  ,    0.  ,    0.  ,    0.  ,    0.  ,\n",
       "           0.  ,    0.  , 3844.  ,    0.  ,    0.  ,    0.  ,    0.  ,\n",
       "           0.  ,    0.  ,    0.  ,    0.  ,    0.  ,    0.  ,    0.  ,\n",
       "           0.  ,    0.  ],\n",
       "       [   0.  ,    0.  ,    0.  ,    0.  ,    0.  ,    0.  ,    0.  ,\n",
       "           0.  ,    0.  ,    0.  ,    0.  ,    0.  ,    0.  ,    0.  ,\n",
       "           0.  ,    0.  ,    0.  ,  169.  ,    0.  ,    0.  ,    0.  ,\n",
       "           0.  ,    0.  ,    0.  ,    0.  ,    0.  ,    0.  ,    0.  ,\n",
       "           0.  ,    0.  ],\n",
       "       [   0.  ,    0.  ,    0.  ,    0.  ,    0.  ,    0.  ,    0.  ,\n",
       "           0.  ,    0.  ,    0.  ,    0.  ,    0.  ,    0.  ,    0.  ,\n",
       "           0.  ,    0.  ,    0.  ,    0.  ,   64.  ,    0.  ,    0.  ,\n",
       "           0.  ,    0.  ,    0.  ,    0.  ,    0.  ,    0.  ,    0.  ,\n",
       "           0.  ,    0.  ],\n",
       "       [   0.  ,    0.  ,    0.  ,    0.  ,    0.  ,    0.  ,    0.  ,\n",
       "           0.  ,    0.  ,    0.  ,    0.  ,    0.  ,    0.  ,    0.  ,\n",
       "           0.  ,    0.  ,    0.  ,    0.  ,    0.  ,  144.  ,    0.  ,\n",
       "           0.  ,    0.  ,    0.  ,    0.  ,    0.  ,    0.  ,    0.  ,\n",
       "           0.  ,    0.  ],\n",
       "       [   0.  ,    0.  ,    0.  ,    0.  ,    0.  ,    0.  ,    0.  ,\n",
       "           0.  ,    0.  ,    0.  ,    0.  ,    0.  ,    0.  ,    0.  ,\n",
       "           0.  ,    0.  ,    0.  ,    0.  ,    0.  ,    0.  ,  289.  ,\n",
       "           0.  ,    0.  ,    0.  ,    0.  ,    0.  ,    0.  ,    0.  ,\n",
       "           0.  ,    0.  ],\n",
       "       [   0.  ,    0.  ,    0.  ,    0.  ,    0.  ,    0.  ,    0.  ,\n",
       "           0.  ,    0.  ,    0.  ,    0.  ,    0.  ,    0.  ,    0.  ,\n",
       "           0.  ,    0.  ,    0.  ,    0.  ,    0.  ,    0.  ,    0.  ,\n",
       "        1600.  ,    0.  ,    0.  ,    0.  ,    0.  ,    0.  ,    0.  ,\n",
       "           0.  ,    0.  ],\n",
       "       [   0.  ,    0.  ,    0.  ,    0.  ,    0.  ,    0.  ,    0.  ,\n",
       "           0.  ,    0.  ,    0.  ,    0.  ,    0.  ,    0.  ,    0.  ,\n",
       "           0.  ,    0.  ,    0.  ,    0.  ,    0.  ,    0.  ,    0.  ,\n",
       "           0.  ,  529.  ,    0.  ,    0.  ,    0.  ,    0.  ,    0.  ,\n",
       "           0.  ,    0.  ],\n",
       "       [   0.  ,    0.  ,    0.  ,    0.  ,    0.  ,    0.  ,    0.  ,\n",
       "           0.  ,    0.  ,    0.  ,    0.  ,    0.  ,    0.  ,    0.  ,\n",
       "           0.  ,    0.  ,    0.  ,    0.  ,    0.  ,    0.  ,    0.  ,\n",
       "           0.  ,    0.  ,  400.  ,    0.  ,    0.  ,    0.  ,    0.  ,\n",
       "           0.  ,    0.  ],\n",
       "       [   0.  ,    0.  ,    0.  ,    0.  ,    0.  ,    0.  ,    0.  ,\n",
       "           0.  ,    0.  ,    0.  ,    0.  ,    0.  ,    0.  ,    0.  ,\n",
       "           0.  ,    0.  ,    0.  ,    0.  ,    0.  ,    0.  ,    0.  ,\n",
       "           0.  ,    0.  ,    0.  ,  289.  ,    0.  ,    0.  ,    0.  ,\n",
       "           0.  ,    0.  ],\n",
       "       [   0.  ,    0.  ,    0.  ,    0.  ,    0.  ,    0.  ,    0.  ,\n",
       "           0.  ,    0.  ,    0.  ,    0.  ,    0.  ,    0.  ,    0.  ,\n",
       "           0.  ,    0.  ,    0.  ,    0.  ,    0.  ,    0.  ,    0.  ,\n",
       "           0.  ,    0.  ,    0.  ,    0.  , 1128.96,    0.  ,    0.  ,\n",
       "           0.  ,    0.  ],\n",
       "       [   0.  ,    0.  ,    0.  ,    0.  ,    0.  ,    0.  ,    0.  ,\n",
       "           0.  ,    0.  ,    0.  ,    0.  ,    0.  ,    0.  ,    0.  ,\n",
       "           0.  ,    0.  ,    0.  ,    0.  ,    0.  ,    0.  ,    0.  ,\n",
       "           0.  ,    0.  ,    0.  ,    0.  ,    0.  ,  324.  ,    0.  ,\n",
       "           0.  ,    0.  ],\n",
       "       [   0.  ,    0.  ,    0.  ,    0.  ,    0.  ,    0.  ,    0.  ,\n",
       "           0.  ,    0.  ,    0.  ,    0.  ,    0.  ,    0.  ,    0.  ,\n",
       "           0.  ,    0.  ,    0.  ,    0.  ,    0.  ,    0.  ,    0.  ,\n",
       "           0.  ,    0.  ,    0.  ,    0.  ,    0.  ,    0.  ,  196.  ,\n",
       "           0.  ,    0.  ],\n",
       "       [   0.  ,    0.  ,    0.  ,    0.  ,    0.  ,    0.  ,    0.  ,\n",
       "           0.  ,    0.  ,    0.  ,    0.  ,    0.  ,    0.  ,    0.  ,\n",
       "           0.  ,    0.  ,    0.  ,    0.  ,    0.  ,    0.  ,    0.  ,\n",
       "           0.  ,    0.  ,    0.  ,    0.  ,    0.  ,    0.  ,    0.  ,\n",
       "        1600.  ,    0.  ],\n",
       "       [   0.  ,    0.  ,    0.  ,    0.  ,    0.  ,    0.  ,    0.  ,\n",
       "           0.  ,    0.  ,    0.  ,    0.  ,    0.  ,    0.  ,    0.  ,\n",
       "           0.  ,    0.  ,    0.  ,    0.  ,    0.  ,    0.  ,    0.  ,\n",
       "           0.  ,    0.  ,    0.  ,    0.  ,    0.  ,    0.  ,    0.  ,\n",
       "           0.  , 2540.16]])"
      ]
     },
     "execution_count": 51,
     "metadata": {},
     "output_type": "execute_result"
    }
   ],
   "source": [
    "np.diag(b**2)"
   ]
  },
  {
   "cell_type": "code",
   "execution_count": 32,
   "metadata": {},
   "outputs": [
    {
     "data": {
      "text/plain": [
       "(37, 37)"
      ]
     },
     "execution_count": 32,
     "metadata": {},
     "output_type": "execute_result"
    }
   ],
   "source": [
    "cov = np.cov(a)\n",
    "np.shape(cov)"
   ]
  },
  {
   "cell_type": "code",
   "execution_count": 33,
   "metadata": {},
   "outputs": [
    {
     "name": "stdout",
     "output_type": "stream",
     "text": [
      "[2375.67245    2374.6385     2360.1632     2854.73595    2578.705765\n",
      " 2578.016465   2505.6055     2644.49945    3050.8418     2718.5992\n",
      " 2848.46332    2847.491407   3260.389      2640.005214   2987.2642145\n",
      " 2831.6444     3183.01610895 2771.7338905  3326.5618     3437.19445\n",
      " 3563.922255   3008.7945     3147.3438     3328.28505    3591.907835\n",
      " 4277.968125   3071.5208     4001.3865     5271.869795   5745.3155\n",
      " 5467.424205   6051.02005    4772.36855    6901.61625    6359.998775\n",
      " 7570.5819     7707.7526    ]\n",
      "[2374.6385    2373.605     2359.136     2853.4935    2577.58345\n",
      " 2576.89445   2504.515     2643.3485    3049.514     2717.416\n",
      " 2847.2236    2846.25211   3258.97      2638.85622   2985.964085\n",
      " 2830.412     3181.6307835 2770.527565  3325.114     3435.6985\n",
      " 3562.37115   3007.485     3145.974     3326.8365    3590.34455\n",
      " 4276.10625   3070.184     3999.645     5269.57535   5742.815\n",
      " 5465.04465   6048.3865    4770.2915    6898.6125    6357.23075\n",
      " 7567.287     7704.398    ]\n",
      "[2360.1632    2359.136     2344.7552    2836.0992    2561.87104\n",
      " 2561.18624   2489.248     2627.2352    3030.9248    2700.8512\n",
      " 2829.86752   2828.901952  3239.104     2622.770304  2967.762272\n",
      " 2813.1584    3162.2362272 2753.639008  3304.8448    3414.7552\n",
      " 3540.65568   2989.152     3126.7968    3306.5568    3568.45856\n",
      " 4250.04      3051.4688    3975.264     5237.45312   5707.808\n",
      " 5431.73088   6011.5168    4741.2128    6856.56      6318.4784\n",
      " 7521.1584    7657.4336   ]\n",
      "[2854.73595    2853.4935     2836.0992     3430.40445    3098.711715\n",
      " 3097.883415   3010.8705     3177.77295    3666.0558     3266.8152\n",
      " 3422.86692    3421.699017   3917.859      3172.372434   3589.6575495\n",
      " 3402.6564     3824.88356745 3330.6647055  3997.3758     4130.31795\n",
      " 4282.600905   3615.5295     3782.0178     3999.44655    4316.229885\n",
      " 5140.636875   3690.9048     4808.2815     6334.962645   6903.8805\n",
      " 6569.951355   7271.23155    5734.73505    8293.35375    7642.517025\n",
      " 9097.2189     9262.0506    ]\n",
      "[2578.705765   2577.58345    2561.87104    3098.711715   2799.0910205\n",
      " 2798.3428105  2719.74335    2870.507665   3311.57746    2950.94024\n",
      " 3091.903004   3090.8480279  3539.0333     2865.6293358  3242.56631065\n",
      " 3073.64668    3455.04784982 3008.61600785 3610.86146    3730.949165\n",
      " 3868.5075735  3265.93665    3416.32686    3612.731985   3898.8848995\n",
      " 4643.5783125  3334.02376    4343.35905    5722.4223115  6236.33035\n",
      " 5934.6894885  6568.161485   5180.231935   7491.452625   6903.5466175\n",
      " 8217.59043    8366.48422   ]\n",
      "[2578.016465   2576.89445    2561.18624    3097.883415   2798.3428105\n",
      " 2797.5948005  2719.01635    2869.740365   3310.69226    2950.15144\n",
      " 3091.076524   3090.0218299  3538.0873     2864.8633398  3241.69955765\n",
      " 3072.82508    3454.12429952 3007.81179085 3609.89626    3729.951865\n",
      " 3867.4735035  3265.06365    3415.41366    3611.766285   3897.8427095\n",
      " 4642.3370625  3333.13256    4342.19805    5720.8926815  6234.66335\n",
      " 5933.1031185  6566.405785   5178.847235   7489.450125   6901.7012675\n",
      " 8215.39383    8364.24782   ]\n",
      "[2505.6055    2504.515     2489.248     3010.8705    2719.74335\n",
      " 2719.01635   2642.645     2789.1355    3217.702     2867.288\n",
      " 3004.2548    3003.22973   3438.71      2784.39546   3150.647155\n",
      " 2986.516     3357.1053405 2923.328795  3508.502     3625.1855\n",
      " 3758.84445   3173.355     3319.482     3510.3195    3788.36065\n",
      " 4511.94375   3239.512     4220.235     5560.20505   6059.545\n",
      " 5766.45495   6381.9695    5033.3845    7279.0875    6707.84725\n",
      " 7984.641     8129.314    ]\n",
      "[2644.49945    2643.3485     2627.2352     3177.77295    2870.507665\n",
      " 2869.740365   2789.1355     2943.74645    3396.0698     3026.2312\n",
      " 3170.79052    3169.708627   3629.329      2938.743654   3325.2978845\n",
      " 3152.0684     3543.20072595 3085.3785205  3702.9898     3826.14145\n",
      " 3967.209555   3349.2645     3503.4918     3704.90805    3998.361935\n",
      " 4762.055625   3419.0888     4454.1765     5868.425495   6395.4455\n",
      " 6086.108505   6735.74305    5312.40155    7682.59125    7079.685275\n",
      " 8427.2559     8579.9486    ]\n",
      "[3050.8418    3049.514     3030.9248    3666.0558    3311.57746\n",
      " 3310.69226   3217.702     3396.0698    3917.8952    3491.2288\n",
      " 3658.00048   3656.752348  4186.996     3390.298296  3836.248778\n",
      " 3636.4016    4087.6336278 3559.464442  4271.9752    4414.0498\n",
      " 4576.79382   3863.898     4041.8232    4274.1882    4612.73294\n",
      " 5493.7725    3944.4512    5138.586     6770.14238   7378.142\n",
      " 7021.27362   7770.7282    6128.6822    8863.065     8167.5191\n",
      " 9722.1516    9898.3064   ]\n",
      "[2718.5992    2717.416     2700.8512    3266.8152    2950.94024\n",
      " 2950.15144   2867.288     3026.2312    3491.2288    3111.0272\n",
      " 3259.63712   3258.524912  3731.024     3021.088224  3418.473832\n",
      " 3240.3904    3642.4823832 3171.831848  3806.7488    3933.3512\n",
      " 4078.37208   3443.112     3601.6608    3808.7208    4110.39736\n",
      " 4895.49      3514.8928    4578.984     6032.86072   6574.648\n",
      " 6256.64328   6924.4808    5461.2568    7897.86      7278.0604\n",
      " 8663.3904    8820.3616   ]\n",
      "[2848.46332    2847.2236     2829.86752    3422.86692    3091.903004\n",
      " 3091.076524   3004.2548     3170.79052    3658.00048    3259.63712\n",
      " 3415.345952   3414.1806152  3909.2504     3165.4018704  3581.7700972\n",
      " 3395.17984    3816.47925972 3323.3463308  3988.59248    4121.24252\n",
      " 4273.190868   3607.5852     3773.70768    3990.65868    4306.745956\n",
      " 5129.3415     3682.79488    4797.7164     6321.043012   6888.7108\n",
      " 6555.515388   7255.25468    5722.13428    8275.131      7625.72434\n",
      " 9077.22984    9241.69936   ]\n",
      "[2847.491407   2846.25211    2828.901952   3421.699017   3090.8480279\n",
      " 3090.0218299  3003.22973    3169.708627   3656.752348   3258.524912\n",
      " 3414.1806152  3413.01567602 3907.91654    3164.32181604 3580.54797547\n",
      " 3394.021384   3815.1770538  3322.21238483 3987.231548   4119.836327\n",
      " 4271.7328293  3606.35427    3772.420068   3989.297043   4305.2764681\n",
      " 5127.5913375  3681.538288   4796.07939    6318.8862337  6886.36033\n",
      " 6553.2786063  7252.779143   5720.181853   8272.307475   7623.1223965\n",
      " 9074.132634   9238.546036  ]\n",
      "[ 3260.389     3258.97      3239.104     3917.859     3539.0333\n",
      "  3538.0873    3438.71      3629.329     4186.996     3731.024\n",
      "  3909.2504    3907.91654   4474.58      3623.16108   4099.74169\n",
      "  3886.168     4368.392919  3803.94641   4565.396     4717.229\n",
      "  4891.1511    4129.29      4319.436     4567.761     4929.5587\n",
      "  5871.1125    4215.376     5491.53      7235.1499    7884.91\n",
      "  7503.5301    8304.461     6549.631     9471.825     8728.5055\n",
      " 10389.918    10578.172   ]\n",
      "[2640.005214   2638.85622    2622.770304   3172.372434   2865.6293358\n",
      " 2864.8633398  2784.39546    2938.743654   3390.298296   3021.088224\n",
      " 3165.4018704  3164.32181604 3623.16108    2933.74936008 3319.64665494\n",
      " 3146.711568   3537.17917799 3080.13502566 3696.696696   3819.639054\n",
      " 3960.4674186  3343.57254    3497.537736   3698.611686   3991.5668562\n",
      " 4753.962675   3413.278176   4446.60678    5858.4523074  6384.57666\n",
      " 6075.7653726  6724.295886   5303.373306   7669.53495    7067.653593\n",
      " 8412.934068   8565.367272  ]\n",
      "[2987.2642145  2985.964085   2967.762272   3589.6575495  3242.56631065\n",
      " 3241.69955765 3150.647155   3325.2978845  3836.248778   3418.473832\n",
      " 3581.7700972  3580.54797547 4099.74169    3319.64665494 3756.30381504\n",
      " 3560.621324   4002.44996588 3485.28748701 4182.949978   4322.0638345\n",
      " 4481.41637355 3783.376845   3957.594198   4185.1168605  4516.60654535\n",
      " 5379.28580625 3862.251368   5031.501165   6629.05695695 7224.386255\n",
      " 6874.95478305 7608.7912105  6000.9643955  8678.3644125  7997.31324275\n",
      " 9519.548199   9692.032046  ]\n",
      "[2831.6444    2830.412     2813.1584    3402.6564    3073.64668\n",
      " 3072.82508   2986.516     3152.0684    3636.4016    3240.3904\n",
      " 3395.17984   3394.021384  3886.168     3146.711568  3560.621324\n",
      " 3375.1328    3793.9446324 3303.723436  3965.0416    4096.9084\n",
      " 4247.95956   3586.284     3751.4256    3967.0956    4281.31652\n",
      " 5099.055     3661.0496    4769.388     6283.72004   6848.036\n",
      " 6516.80796   7212.4156    5688.3476    8226.27      7580.6978\n",
      " 9023.6328    9187.1312   ]\n",
      "[ 3183.01610895  3181.6307835   3162.2362272   3824.88356745\n",
      "  3455.04784982  3454.12429952  3357.1053405   3543.20072595\n",
      "  4087.6336278   3642.4823832   3816.47925972  3815.1770538\n",
      "  4368.392919    3537.17917799  4002.44996588  3793.9446324\n",
      "  4264.72578315  3713.67425808  4457.0537478   4605.28357095\n",
      "  4775.0782936   4031.2970595   4216.9306698   4459.36262355\n",
      "  4812.57443578  5731.78404937  4115.3401368   5361.2094915\n",
      "  7063.45122694  7697.7917505   7325.46244705  8107.38630855\n",
      "  6394.20050205  9247.04737875  8521.36773053 10143.3529449\n",
      " 10327.1394546 ]\n",
      "[2771.7338905  2770.527565   2753.639008   3330.6647055  3008.61600785\n",
      " 3007.81179085 2923.328795   3085.3785205  3559.464442   3171.831848\n",
      " 3323.3463308  3322.21238483 3803.94641    3080.13502566 3485.28748701\n",
      " 3303.723436   3713.67425808 3233.82491545 3881.151242   4010.2280705\n",
      " 4158.08336595 3510.407205   3672.054822   3883.1617845  4190.73457615\n",
      " 4991.17175625 3583.590952   4668.479685   6150.77224855 6703.148695\n",
      " 6378.92861145 7059.8189345  5567.9963995  8052.2227125  7420.30920475\n",
      " 8832.715311   8992.754494  ]\n",
      "[ 3326.5618     3325.114      3304.8448     3997.3758     3610.86146\n",
      "  3609.89626    3508.502      3702.9898     4271.9752     3806.7488\n",
      "  3988.59248    3987.231548   4565.396      3696.696696   4182.949978\n",
      "  3965.0416     4457.0537478  3881.151242   4658.0552     4812.9698\n",
      "  4990.42182    4213.098      4407.1032     4660.4682     5029.60894\n",
      "  5990.2725     4300.9312     5602.986      7381.99438    8044.942\n",
      "  7655.82162    8473.0082     6682.5622     9664.065      8905.6591\n",
      " 10600.7916    10792.8664   ]\n",
      "[ 3437.19445     3435.6985      3414.7552      4130.31795\n",
      "  3730.949165    3729.951865    3625.1855      3826.14145\n",
      "  4414.0498      3933.3512      4121.24252     4119.836327\n",
      "  4717.229       3819.639054    4322.0638345   4096.9084\n",
      "  4605.28357095  4010.2280705   4812.9698      4973.03645\n",
      "  5156.390055    4353.2145      4553.6718      4815.46305\n",
      "  5196.880435    6189.493125    4443.9688      5789.3265\n",
      "  7627.499995    8312.4955      7910.434005    8754.79805\n",
      "  6904.80655     9985.46625     9201.837775   10953.3459\n",
      " 11151.8086    ]\n",
      "[ 3563.922255    3562.37115     3540.65568     4282.600905\n",
      "  3868.5075735   3867.4735035   3758.84445     3967.209555\n",
      "  4576.79382     4078.37208     4273.190868    4271.7328293\n",
      "  4891.1511      3960.4674186   4481.41637355  4247.95956\n",
      "  4775.0782936   4158.08336595  4990.42182     5156.390055\n",
      "  5346.5038245   4513.71555     4721.56362     4993.006995\n",
      "  5388.4870665   6417.6969375   4607.81592     6002.77635\n",
      "  7908.7224705   8618.97345     8202.0881295   9077.583495\n",
      "  7159.383645   10353.625875    9541.1053725  11357.19081\n",
      " 11562.97074   ]\n",
      "[3008.7945    3007.485     2989.152     3615.5295    3265.93665\n",
      " 3265.06365   3173.355     3349.2645    3863.898     3443.112\n",
      " 3607.5852    3606.35427   4129.29      3343.57254   3783.376845\n",
      " 3586.284     4031.2970595 3510.407205  4213.098     4353.2145\n",
      " 4513.71555   3810.645     3986.118     4215.2805    4549.15935\n",
      " 5418.05625   3890.088     5067.765     6676.83495   7276.455\n",
      " 6924.50505   7663.6305    6044.2155    8740.9125    8054.95275\n",
      " 9588.159     9761.886    ]\n",
      "[ 3147.3438     3145.974      3126.7968     3782.0178     3416.32686\n",
      "  3415.41366    3319.482      3503.4918     4041.8232     3601.6608\n",
      "  3773.70768    3772.420068   4319.436      3497.537736   3957.594198\n",
      "  3751.4256     4216.9306698  3672.054822   4407.1032     4553.6718\n",
      "  4721.56362    3986.118      4169.6712     4409.3862     4758.63954\n",
      "  5667.5475     4069.2192     5301.126      6984.29058    7611.522\n",
      "  7243.36542    8016.5262     6322.5402     9143.415      8425.8681\n",
      " 10029.6756    10211.4024   ]\n",
      "[ 3328.28505     3326.8365      3306.5568      3999.44655\n",
      "  3612.731985    3611.766285    3510.3195      3704.90805\n",
      "  4274.1882      3808.7208      3990.65868     3989.297043\n",
      "  4567.761       3698.611686    4185.1168605   3967.0956\n",
      "  4459.36262355  3883.1617845   4660.4682      4815.46305\n",
      "  4993.006995    4215.2805      4409.3862      4662.88245\n",
      "  5032.214415    5993.375625    4303.1592      5605.8885\n",
      "  7385.818455    8049.1095      7659.787545    8477.39745\n",
      "  6686.02395     9669.07125     8910.272475   10606.2831\n",
      " 10798.4574    ]\n",
      "[ 3591.907835    3590.34455     3568.45856     4316.229885\n",
      "  3898.8848995   3897.8427095   3788.36065     3998.361935\n",
      "  4612.73294     4110.39736     4306.745956    4305.2764681\n",
      "  4929.5587      3991.5668562   4516.60654535  4281.31652\n",
      "  4812.57443578  4190.73457615  5029.60894     5196.880435\n",
      "  5388.4870665   4549.15935     4758.63954     5032.214415\n",
      "  5430.7999805   6468.0916875   4643.99864     6049.91295\n",
      "  7970.8254485   8686.65365     8266.4947515   9148.864915\n",
      "  7215.602465   10434.927375    9616.0265825  11446.37277\n",
      " 11653.76858   ]\n",
      "[ 4277.968125    4276.10625     4250.04        5140.636875\n",
      "  4643.5783125   4642.3370625   4511.94375     4762.055625\n",
      "  5493.7725      4895.49        5129.3415      5127.5913375\n",
      "  5871.1125      4753.962675    5379.28580625  5099.055\n",
      "  5731.78404937  4991.17175625  5990.2725      6189.493125\n",
      "  6417.6969375   5418.05625     5667.5475      5993.375625\n",
      "  6468.0916875   7703.5078125   5531.01        7205.45625\n",
      "  9493.2661875  10345.81875     9845.4088125  10896.313125\n",
      "  8593.794375   12428.015625   11452.7034375  13632.64875\n",
      " 13879.6575    ]\n",
      "[3071.5208    3070.184     3051.4688    3690.9048    3334.02376\n",
      " 3333.13256   3239.512     3419.0888    3944.4512    3514.8928\n",
      " 3682.79488   3681.538288  4215.376     3413.278176  3862.251368\n",
      " 3661.0496    4115.3401368 3583.590952  4300.9312    4443.9688\n",
      " 4607.81592   3890.088     4069.2192    4303.1592    4643.99864\n",
      " 5531.01      3971.1872    5173.416     6816.03128   7428.152\n",
      " 7068.86472   7823.3992    6170.2232    8923.14      8222.8796\n",
      " 9788.0496    9965.3984   ]\n",
      "[ 4001.3865     3999.645      3975.264      4808.2815     4343.35905\n",
      "  4342.19805    4220.235      4454.1765     5138.586      4578.984\n",
      "  4797.7164     4796.07939    5491.53       4446.60678    5031.501165\n",
      "  4769.388      5361.2094915  4668.479685   5602.986      5789.3265\n",
      "  6002.77635    5067.765      5301.126      5605.8885     6049.91295\n",
      "  7205.45625    5173.416      6739.605      8879.50215    9676.935\n",
      "  9208.87785   10191.8385     8038.1835    11624.5125    10712.25675\n",
      " 12751.263     12982.302    ]\n",
      "[ 5271.869795    5269.57535     5237.45312     6334.962645\n",
      "  5722.4223115   5720.8926815   5560.20505     5868.425495\n",
      "  6770.14238     6032.86072     6321.043012    6318.8862337\n",
      "  7235.1499      5858.4523074   6629.05695695  6283.72004\n",
      "  7063.45122694  6150.77224855  7381.99438     7627.499995\n",
      "  7908.7224705   6676.83495     6984.29058     7385.818455\n",
      "  7970.8254485   9493.2661875   6816.03128     8879.50215\n",
      " 11698.8396845  12749.46605    12132.7957155  13427.856955\n",
      " 10590.393305   15315.420375   14113.5136025  16799.92629\n",
      " 17104.32266   ]\n",
      "[ 5745.3155     5742.815      5707.808      6903.8805     6236.33035\n",
      "  6234.66335    6059.545      6395.4455     7378.142      6574.648\n",
      "  6888.7108     6886.36033    7884.91       6384.57666    7224.386255\n",
      "  6848.036      7697.7917505  6703.148695   8044.942      8312.4955\n",
      "  8618.97345    7276.455      7611.522      8049.1095     8686.65365\n",
      " 10345.81875    7428.152      9676.935     12749.46605   13894.445\n",
      " 13222.39395   14633.7595    11541.4745    16690.8375    15380.99225\n",
      " 18308.661     18640.394    ]\n",
      "[ 5467.424205    5465.04465     5431.73088     6569.951355\n",
      "  5934.6894885   5933.1031185   5766.45495     6086.108505\n",
      "  7021.27362     6256.64328     6555.515388    6553.2786063\n",
      "  7503.5301      6075.7653726   6874.95478305  6516.80796\n",
      "  7325.46244705  6378.92861145  7655.82162     7910.434005\n",
      "  8202.0881295   6924.50505     7243.36542     7659.787545\n",
      "  8266.4947515   9845.4088125   7068.86472     9208.87785\n",
      " 12132.7957155  13222.39395    12582.8488845  13925.949045\n",
      " 10983.232695   15883.529625   14637.0393975  17423.10171\n",
      " 17738.78934   ]\n",
      "[ 6051.02005     6048.3865      6011.5168      7271.23155\n",
      "  6568.161485    6566.405785    6381.9695      6735.74305\n",
      "  7770.7282      6924.4808      7255.25468     7252.779143\n",
      "  8304.461       6724.295886    7608.7912105   7212.4156\n",
      "  8107.38630855  7059.8189345   8473.0082      8754.79805\n",
      "  9077.583495    7663.6305      8016.5262      8477.39745\n",
      "  9148.864915   10896.313125    7823.3992     10191.8385\n",
      " 13427.856955   14633.7595     13925.949045   15412.41245\n",
      " 12155.58895    17578.94625    16199.404975   19282.8531\n",
      " 19632.2374    ]\n",
      "[ 4772.36855     4770.2915      4741.2128      5734.73505\n",
      "  5180.231935    5178.847235    5033.3845      5312.40155\n",
      "  6128.6822      5461.2568      5722.13428     5720.181853\n",
      "  6549.631       5303.373306    6000.9643955   5688.3476\n",
      "  6394.20050205  5567.9963995   6682.5622      6904.80655\n",
      "  7159.383645    6044.2155      6322.5402      6686.02395\n",
      "  7215.602465    8593.794375    6170.2232      8038.1835\n",
      " 10590.393305   11541.4745     10983.232695   12155.58895\n",
      "  9586.97045    13864.30875    12776.280725   15208.1601\n",
      " 15483.7154    ]\n",
      "[ 6901.61625     6898.6125      6856.56        8293.35375\n",
      "  7491.452625    7489.450125    7279.0875      7682.59125\n",
      "  8863.065       7897.86        8275.131       8272.307475\n",
      "  9471.825       7669.53495     8678.3644125   8226.27\n",
      "  9247.04737875  8052.2227125   9664.065       9985.46625\n",
      " 10353.625875    8740.9125      9143.415       9669.07125\n",
      " 10434.927375   12428.015625    8923.14       11624.5125\n",
      " 15315.420375   16690.8375     15883.529625   17578.94625\n",
      " 13864.30875    20050.03125    18476.566875   21993.4575\n",
      " 22391.955     ]\n",
      "[ 6359.998775    6357.23075     6318.4784      7642.517025\n",
      "  6903.5466175   6901.7012675   6707.84725     7079.685275\n",
      "  8167.5191      7278.0604      7625.72434     7623.1223965\n",
      "  8728.5055      7067.653593    7997.31324275  7580.6978\n",
      "  8521.36773053  7420.30920475  8905.6591      9201.837775\n",
      "  9541.1053725   8054.95275     8425.8681      8910.272475\n",
      "  9616.0265825  11452.7034375   8222.8796     10712.25675\n",
      " 14113.5136025  15380.99225    14637.0393975  16199.404975\n",
      " 12776.280725   18476.566875   17026.5831125  20267.47905\n",
      " 20634.7037    ]\n",
      "[ 7570.5819     7567.287      7521.1584     9097.2189     8217.59043\n",
      "  8215.39383    7984.641      8427.2559     9722.1516     8663.3904\n",
      "  9077.22984    9074.132634  10389.918      8412.934068   9519.548199\n",
      "  9023.6328    10143.3529449  8832.715311  10600.7916    10953.3459\n",
      " 11357.19081    9588.159     10029.6756    10606.2831    11446.37277\n",
      " 13632.64875    9788.0496    12751.263     16799.92629   18308.661\n",
      " 17423.10171   19282.8531    15208.1601    21993.4575    20267.47905\n",
      " 24125.2578    24562.3812   ]\n",
      "[ 7707.7526     7704.398      7657.4336     9262.0506     8366.48422\n",
      "  8364.24782    8129.314      8579.9486     9898.3064     8820.3616\n",
      "  9241.69936    9238.546036  10578.172      8565.367272   9692.032046\n",
      "  9187.1312    10327.1394546  8992.754494  10792.8664    11151.8086\n",
      " 11562.97074    9761.886     10211.4024    10798.4574    11653.76858\n",
      " 13879.6575     9965.3984    12982.302     17104.32266   18640.394\n",
      " 17738.78934   19632.2374    15483.7154    22391.955     20634.7037\n",
      " 24562.3812    25007.4248   ]\n"
     ]
    }
   ],
   "source": [
    "for row in cov: \n",
    "    print(row)"
   ]
  },
  {
   "cell_type": "code",
   "execution_count": null,
   "metadata": {},
   "outputs": [],
   "source": []
  }
 ],
 "metadata": {
  "kernelspec": {
   "display_name": "Python 3",
   "language": "python",
   "name": "python3"
  },
  "language_info": {
   "codemirror_mode": {
    "name": "ipython",
    "version": 3
   },
   "file_extension": ".py",
   "mimetype": "text/x-python",
   "name": "python",
   "nbconvert_exporter": "python",
   "pygments_lexer": "ipython3",
   "version": "3.6.8"
  }
 },
 "nbformat": 4,
 "nbformat_minor": 2
}
